t = 0:0.001:1;
