pn = [0,1,1,0,1,0,0,1,0,0,0,0,1,0,1,0,1,1,1,0,1,1,0,0,0,1,1,1,1,1,0,0,1,1,0,1,0,0,1,0,0,0,0,1,0,1,0,1,1,1,0,1,1,0,0,0,1,1,1,1,1,0];
ds = [1,0,1,0,0,0,1,0,0,1,1,1,0,0,0,0,0,1,1,0,0,1,0,1,1,0,1,1,1,1,0,1,0,1,0,0,0,1,0,0,1,1,1,0,0,0,0,0,1,1,0,0,1,0,1,1,0,1,1,1,1,0];

