R = 250000;
C = 0.1*10^-6;
w = 0:1:65000;






